30  21
1  2574.378613036961  2
2  2817.909376816242  3
3  3007.6260390309835  4
4  3520.8693702177707  5
5  4279.717397271263  6
6  4554.863935522599  7
7  4862.158161371033  8
8  5050.375881421928  9
9  6784.644838631913  10
10  6814.812580303227  11
11  8058.975389220245  12
12  8101.928097254389  13
13  8465.044003505456  14
14  9642.893467296155  15
15  10814.90327212142  16
16  10915.402346803083  17
17  11345.651447132694  18
18  11552.552702610818  19
19  12169.964567311628  20
20  13005.188384441266  21
21  13697.600855053022  21
22  15019.748901348712  21
23  15503.266654028854  21
24  15596.39304993479  21
25  16271.457411972715  21
26  18620.488840456746  21
27  19285.759463081547  21
28  19431.744536767692  21
29  19648.84153380077  21
30  20810.049687355095  21
1  11.346270922131266
2  3.8615679195554424
3  4.226864065224362
4  4.511439058546475
5  5.281304055326654
6  6.419576095906898
7  6.8322959032838995
8  7.293237242056534
9  7.5755638221329065
10  10.176967257947865
11  10.222218870454839
12  12.088463083830362
13  12.152892145881594
14  12.697566005258196
15  14.464340200944193
16  168.31678715881523
17  271.474207267671
18  606.9923524215992
19  618.0615695896788
20  651.0931043511732
21  11.691979503670154
