22
0.0 0.003
-11.346270922131266 0.003
-15.207838841686709 0.003
-19.43470290691107 0.003
-23.946141965457546 0.003
-29.2274460207842 0.003
-35.6470221166911 0.003
-42.479318019975 0.003
-49.77255526203153 0.003
-57.34811908416444 0.003
-67.5250863421123 0.003
-77.74730521256714 0.003
-89.8357682963975 0.003
-101.9886604422791 0.0029900566977886047
-114.6862264475373 0.0029265688677623134
-129.1505666484815 0.002854247166757593
-297.4673538072967 0.0020126632309635166
-568.9415610749677 0.0015517640648750539
-1175.933913496567 0.001
-1793.9954830862457 0.0009412009033827509
-2445.088587437419 0.0008109822825125162
-2456.780566941089 0.0008086438866117822
