11
7564.180614754177  11.346270922131266
15192.714695904193  22.78907204385629
23185.83278123592  34.77874917185388
34648.30544857924  51.972458172868855
46765.45551321913  70.14818326982869
59222.25774322047  88.8333866148307
72612.52311105514  108.91878466658271
87322.96462724329  130.98444694086493
105561.21434389765  447.5249673985242
124265.33823996634  1448.195595838199
143117.3937745998  2456.780566941089
243117.3937745998
30
2574.378613036961
2817.909376816242
3007.6260390309835
3520.8693702177707
4279.717397271263
4554.863935522599
4862.158161371033
5050.375881421928
6784.644838631913
6814.812580303227
8058.975389220245
8101.928097254389
8465.044003505456
9642.893467296155
10814.90327212142
10915.402346803083
11345.651447132694
11552.552702610818
12169.964567311628
13005.188384441266
13697.600855053022
15019.748901348712
15503.266654028854
15596.39304993479
16271.457411972715
18620.488840456746
19285.759463081547
19431.744536767692
19648.84153380077
20810.049687355095
